10016
1613
1614
1615
1616
1617
10014
10012
10013
10015
10018
10017
10034
10019
10178
10213
10207
10180
1620
1618
10179
10183
10182
10181
10188
10187
10190
10189
10195
10194
10203
10196
10167
10165
10166
10168
10149
10148
10153
10151
10150
10152
10156
10155
10159
10158
10157
10160
10161
10162
10163
10164
10169
10170
10173
10172
10177
10176
10199
10198
10197
10208
10210
10209
10212
10211
10028
10023
10024
10025
10026
10027
10033
10029
10032
10030
10031
10038
10037
10036
10035
10062
10061
10086
10063
10085
10067
10084
10071
10072
10073
10074
10075
10076
10083
10077
10082
10079
10078
10070
10069
10068
10090
10089
10088
10087
10040
10039
10056
10055
10041
10054
10042
10050
10046
10049
10048
10047
10045
10044
10043
10053
10052
10051
10060
10059
10058
10057
4666
4622
4588
4273
4272
4621
4593
4592
4589
4590
4591
4594
4665
4629
4628
4623
4624
4625
4626
4627
4630
4587
4539
4497
4467
4429
4353
4274
4428
4355
4354
4466
4431
4430
4496
4472
4471
4468
4469
4470
4473
4538
4502
4501
4498
4499
4500
4503
4586
4541
4540
4427
4376
4375
4373
4359
4357
4356
4358
4363
4361
4360
4362
4367
4365
4364
4366
4372
4369
4368
4371
4370
4374
4377
4426
4378
4379
4402
4383
4382
4381
4384
4380
4385
4386
4393
4392
4387
2091
2090
1961
1987
1962
1963
1964
1965
1966
1967
1968
1969
1970
1971
1972
1973
1976
1975
1979
1978
1982
1981
1983
1984
1985
1986
2093
2092
2094
4391
4390
4388
4389
4425
4406
4405
4404
4407
4403
4408
4409
4416
4415
4410
4414
4413
4411
4412
4401
4400
4394
4677
4675
4676
4399
4395
4398
4396
4397
4424
4423
4417
4422
4418
4421
4419
4420
4474
4495
4478
4477
4476
4479
4475
4486
4485
4480
4484
4483
4481
4482
4494
4493
4487
4686
4684
4685
4492
4488
4491
4489
4490
4352
4295
4294
4292
4278
4276
4275
4277
4282
4280
4279
4281
4286
4284
4283
4285
4291
4288
4287
4290
4289
4293
4296
4319
4300
4299
4298
4301
4297
4302
4303
4310
4309
4304
2141
2110
2119
2114
2116
2115
2122
2120
2121
2140
2123
2124
2125
2126
2127
2128
2129
2130
2131
2132
2133
2134
2135
2137
2138
2139
2143
2142
2144
4308
4307
4305
4306
2083
2081
2082
4342
4323
4322
4321
4324
4320
4325
4326
4333
4332
4327
4331
4330
4328
4329
4318
4317
4311
4585
4557
4556
4554
4545
4543
4542
4544
4549
4547
4546
4548
4553
4551
4550
4552
4555
4558
4584
4559
4560
4583
4564
4563
4562
4565
4561
4566
4567
4574
4573
4568
2147
2146
2148
4572
4571
4569
4570
4465
4439
4438
4436
4435
4434
4433
4432
4437
4440
4464
4441
4442
4463
4446
4445
4444
4447
4443
4454
4453
4448
4452
4451
4449
4450
4462
4461
4455
4689
4687
4688
4460
4456
4459
4457
4458
4537
4511
4510
4508
4507
4506
4505
4504
4509
4512
4536
4513
4514
4535
4518
4517
4516
4519
4515
4526
4525
4520
4524
4523
4521
4522
4620
4595
4619
4596
4597
4618
4601
4600
4599
4602
4598
4609
4608
4603
4607
4606
4604
4605
4617
4616
4610
4664
4638
4637
4635
4634
4633
4632
4631
4636
4639
4663
4640
4641
4662
4645
4644
4643
4646
4642
4653
4652
4647
4651
4650
4648
4649
1786
1785
1776
1784
1783
1781
1777
1778
1779
1780
1782
4669
4667
4668
4674
4673
4672
4670
4671
4683
4681
4682
10305
10272
10278
10277
10276
10297
10296
10304
10303
10302
10295
10279
10280
10281
10294
10299
10298
10301
10300
10293
10290
10289
10233
10219
10214
10218
10215
10217
10216
10220
10221
10232
10288
10291
10292
10231
10227
10222
10226
10223
10225
10224
10228
10230
10229
10286
10285
10282
10283
10284
10287
10306
10267
10271
10268
10270
10269
10265
10245
10234
10244
10235
10243
10237
10236
10242
10239
10238
10241
10240
10246
10247
10264
10263
10259
10248
10258
10249
10257
10251
10250
10256
10253
10252
10255
10254
10260
10262
10261
