8799
9041
1624
1623
1626
1625
9117
9113
9096
9093
9092
1608
1609
1610
1611
1612
9095
9094
9101
9100
9099
9097
9098
1438
1436
9102
9112
9111
9107
9104
9103
9106
9105
9108
9110
9109
9116
9115
9114
1628
1627
9121
9120
9119
9118
8808
8884
8880
8863
8860
8859
8862
8861
8868
8867
8866
8864
8865
8869
8879
8878
8874
8871
8870
8873
8872
8875
8877
8876
8883
8882
8881
8888
8887
8886
8885
8897
8907
8906
8905
8902
8904
8903
8908
8952
8924
8912
8909
8911
8910
8923
8921
8916
8915
8913
8914
8920
8919
8917
8918
8922
8929
8928
8927
8925
8926
8930
8951
8950
8946
8934
8931
8933
8932
8945
8943
8938
8937
8935
8936
8942
8941
8939
8940
8944
8947
8949
8948
8986
8985
8953
8954
8982
8956
8955
8890
8889
8895
8896
8981
8979
8960
8957
8958
8959
8961
8962
8963
8964
8965
8966
8967
8968
8969
8970
8971
8972
8973
8974
8975
8976
8977
8978
8980
8984
8983
9122
9162
9136
9124
9123
9135
9133
9128
9127
9125
9126
9132
9131
9129
9130
9134
9141
9140
9139
9137
9138
9142
9161
9160
9156
9144
9143
9155
9153
9148
9147
9145
9146
9152
9151
9149
9150
9154
9157
9159
9158
9165
9164
9163
9185
9217
9189
9186
9187
9188
9213
9197
9192
9190
9191
9196
9193
9195
9194
9198
9199
9212
9211
9207
9202
9200
9201
9206
9203
9205
9204
9208
9210
9209
9216
9215
9214
9251
9218
9246
9222
9219
9220
9221
9242
9228
9225
9223
9224
9227
9226
9229
9230
9241
9240
9236
9233
9231
9232
9235
9234
9237
9239
9238
9245
9244
9243
9250
9249
9248
9247
9252
9456
9452
9453
9454
9455
9461
9460
9258
9255
9256
9257
9310
9259
9260
9309
9261
9300
9282
9262
9263
9264
9265
9266
9267
9268
9271
9270
9269
9311
5887
5884
5885
5886
9312
9313
9272
9273
9274
9275
9276
9277
9278
9279
9280
9281
9299
9283
9298
9284
9285
9286
9287
9288
9289
9290
9291
9297
9292
9293
9296
9295
9294
9459
9458
9457
9254
9253
9308
9307
9306
9305
8801
8800
8807
8806
8802
8803
8805
8804
9315
9314
9367
9366
9316
9365
9320
9321
9322
9325
9324
9328
9327
9331
9330
9334
9333
9337
9336
9340
9339
9343
9342
9346
9345
9357
9347
9348
9349
9350
9351
9352
9353
9354
9355
9356
9364
9358
9363
9360
9359
9319
9318
9317
9451
9392
9450
9400
9393
9399
9396
9398
9397
9442
9401
9379
9389
9383
9381
9382
9388
9384
9372
9374
9373
9387
9386
9437
9404
9403
9407
9406
9410
9408
9413
9412
9414
9415
9416
9417
9418
9419
9420
9421
9422
9423
9424
9425
9426
9427
9428
9429
9436
9430
9435
9432
9431
9376
9375
9405
9411
9449
9448
9447
5286
5216
5215
5285
5255
5228
5227
5225
5220
5218
5217
5219
5224
5222
5221
5223
5226
5229
5284
5256
5283
5257
5282
5263
5262
5261
5264
5260
5258
5259
5273
5272
5265
2161
2160
2155
2156
2157
2159
2158
2154
2153
2150
2151
2152
5271
5270
5268
5266
5267
5269
5281
5280
5274
5289
5287
5288
5279
5275
5278
5276
5277
5254
5235
5234
5233
5236
5232
5230
5231
5245
5244
5237
5243
5242
5240
5238
5239
5241
5253
5252
5246
5251
5247
5250
5248
5249
1440
1439
1437
3884
3787
3446
3445
3883
3789
3788
3882
3851
3790
3881
3853
3852
3854
3880
3855
3879
3856
3857
3878
3861
3860
3859
3862
3858
3869
3868
3863
3867
3866
3864
3865
3877
3876
3870
3850
3815
3791
3849
3823
3822
3820
3819
3818
3817
3816
3821
3824
3814
3795
3794
3793
3796
3792
3805
3804
3797
2109
2108
2095
2096
2097
2098
2099
2100
2101
2102
2103
2104
2105
2106
2107
3803
3802
3800
3798
3799
3801
3813
3812
3806
3848
3825
3826
3847
3830
3829
3828
3831
3827
3838
3837
3832
1914
1911
1912
1913
3836
3835
3833
3834
3846
3845
3839
3786
3741
3696
3651
3613
3578
3447
3612
3580
3579
3650
3615
3614
3695
3653
3652
3740
3698
3697
3785
3743
3742
3577
3554
3518
3464
3463
3461
3451
3449
3448
3450
3455
3453
3452
3454
3460
3457
3456
3459
3458
3462
3465
3553
3530
3529
3527
3522
3520
3519
3521
3526
3524
3523
3525
3528
3531
3576
3555
3517
3466
3467
3468
3516
3515
3496
3495
3494
3497
3493
3498
3499
3506
3505
3500
1930
1929
1915
1916
1917
1918
1919
1920
1921
1922
1923
1925
1924
1926
1927
1928
1932
1931
1933
3504
3503
3501
3502
3514
3513
3507
3492
3491
3472
3471
3470
3473
3469
3474
3475
3482
3481
3476
3480
3479
3477
3478
3490
3489
3483
3552
3535
3534
3533
3536
3532
3543
3542
3537
1959
1958
1945
1946
1947
1948
1949
1950
1951
1952
1953
1954
1955
1956
1957
1960
3541
3540
3538
3539
3551
3550
3544
3575
3559
3558
3557
3560
3556
3566
3565
3564
3563
3561
3562
3574
3573
3567
3611
3588
3587
3585
3584
3583
3582
3581
3586
3589
3610
3594
3593
3592
3595
3591
3590
3601
3600
3599
3598
3596
3597
3609
3608
3602
3649
3623
3622
3620
3619
3617
3616
3618
3621
3624
3648
3625
3626
3647
3630
3629
3628
3631
3627
3638
3637
3632
2045
2033
2034
2035
2036
2037
2038
2039
2040
2041
2042
2043
2044
3636
3635
3633
3634
3646
3645
3639
3784
3748
3747
3745
3744
3746
3749
3783
3757
3756
3754
3753
3752
3751
3750
3755
3758
3782
3759
3760
3781
3764
3763
3762
3765
3761
3772
3771
3766
3770
3769
3767
3768
3780
3779
3773
3694
3658
3657
3655
3654
3656
3659
3693
3667
3666
3664
3663
3662
3661
3660
3665
3668
3692
3669
3670
3691
3674
3673
3672
3675
3671
3682
3681
3676
3680
3679
3677
3678
3690
3689
3683
3739
3703
3702
3700
3699
3701
3704
3738
3712
3711
3709
3708
3707
3706
3705
3710
3713
3737
3714
3715
3736
3719
3718
3717
3720
3716
3727
3726
3721
3725
3724
3722
3723
3735
3734
3728
3887
3885
3886
3890
3888
3889
3893
3891
3892
