10448
5874
5875
5878
5877
5876
5879
5880
5881
5882
4198
4022
3895
3894
4197
4024
4023
5897
5896
5888
4021
3955
3896
4020
3957
3956
3958
3954
3919
3897
3953
3927
3926
3924
3923
3922
3921
3920
3925
3928
3918
3901
3900
3899
3902
3898
3909
3908
3903
1943
1942
1939
1940
1941
1944
3907
3906
3904
3905
3917
3916
3910
3952
3929
3930
3951
3934
3933
3932
3935
3931
3942
3941
3936
3940
3939
3937
3938
3950
3949
3943
4019
3992
3966
3965
3963
3962
3961
3960
3959
3964
3967
4018
3993
3991
3968
3969
3990
3973
3972
3971
3974
3970
3981
3980
3975
3979
3978
3976
3977
3989
3988
3982
4017
3994
3995
4016
3999
3998
3997
4000
3996
4007
4006
4001
4005
4004
4002
4003
4015
4014
4008
4196
4122
4025
4195
4124
4123
4125
4121
4086
4038
4037
4035
4029
4027
4026
4028
4034
4031
4030
4033
4032
4036
4039
4120
4094
4093
4091
4090
4089
4088
4087
4092
4095
4040
4063
4062
4045
4044
4043
4046
4042
4041
4053
4052
4047
2079
2078
2080
4051
4050
4048
4049
4061
4060
4054
4085
4084
4067
4066
4065
4068
4064
4075
4074
4069
2077
2076
4073
4072
4070
4071
4083
4082
4076
4119
4096
4097
4118
4101
4100
4099
4102
4098
4109
4108
4103
1910
1908
1909
4107
4106
4104
4105
4117
4116
4110
4194
4159
4126
4127
4193
4160
4161
4158
4135
4134
4132
4131
4130
4129
4128
4133
4136
4157
4140
4139
4138
4141
4137
4148
4147
4142
4146
4145
4143
4144
4156
4155
4149
4192
4169
4168
4166
4165
4163
4162
4164
4167
4170
4191
4174
4173
4172
4175
4171
4182
4181
4176
4180
4179
4177
4178
4190
4189
4183
4201
4199
4200
4204
4202
4203
4207
4205
4206
4210
4208
4209
4213
4211
4212
4216
4214
4215
6718
6733
6719
5889
5890
6720
6732
6729
6725
6722
6721
6724
6723
6728
6726
6727
6730
6731
6736
6735
6734
6762
6737
6738
6739
6761
6741
6740
6742
6760
6759
6744
6743
6745
6753
6746
6750
6747
6749
6748
6752
6751
6754
6756
6755
6758
6757
6763
6770
6769
6768
6765
6764
5895
6767
6766
6773
6772
6771
6776
6774
6775
6779
6777
6778
6780
6845
6781
6782
6844
6783
6840
6839
6838
6784
6810
6785
6786
6787
6788
6789
6790
6791
6792
6793
6794
6795
6796
6797
6798
6799
6802
6801
6805
6804
6806
6807
6808
6809
6837
6811
6812
6813
6814
6815
6816
6817
6818
6819
6820
6821
6822
6823
6824
6825
6826
6829
6828
6832
6831
6833
6834
6835
6836
6843
6842
6841
7562
7729
7724
7720
7718
7719
7723
7721
7722
7725
7726
7728
7727
8008
8009
8010
8011
7574
7571
7563
7570
7564
7569
7566
7565
5883
7568
7567
5894
5893
5892
7572
7573
7628
7627
7619
7623
7622
7621
7620
1988
1989
2015
1990
1991
1992
1993
1994
1995
1996
1997
1998
1999
2000
2001
2002
2003
2004
2005
2008
2007
2011
2010
2012
2013
2014
7602
7599
7589
7598
7590
7597
7595
7592
7591
7594
7593
7596
7600
7601
7588
7585
7575
7584
7576
7583
7579
7578
7577
7582
7581
7580
7586
7587
7618
7615
7603
7614
7604
7613
7607
7606
7605
7612
7610
7609
7608
7611
7616
7617
7687
7629
7686
7630
7631
7635
7634
7636
7640
7639
7641
7642
7643
7644
7645
7646
7647
7648
7649
7650
7651
7652
7653
7654
7655
7656
7657
7658
7659
7660
7685
7681
7684
7682
7683
7661
7662
7663
7664
7665
7666
7667
7668
7669
7670
7671
7672
7673
7674
7675
7676
7677
7678
7679
7680
7744
7732
7730
7731
7733
7734
7743
7735
7739
7738
7737
7736
7698
7688
7697
7689
7696
7693
7695
7694
7699
7700
7702
7701
7704
7703
7717
7716
7715
7712
7711
7705
7707
7710
7713
7714
7709
7708
7692
7691
7690
7773
7767
7765
7764
7763
7766
7768
7769
7772
7771
7770
7782
7776
7774
7775
7777
7778
7781
7780
7779
7755
7745
7746
7747
7754
7751
7750
7748
7756
7757
7760
7761
7749
7762
7753
5977
5973
5974
5975
5976
5991
5992
5998
5997
5996
5994
5993
5995
6002
6011
6003
6004
6005
6006
6007
6008
6009
6010
6001
6000
5999
5990
5989
5982
5980
5978
5979
5981
5983
5988
5985
5984
5987
5986
5940
5953
5945
5943
5941
5942
5944
5946
5951
5950
5949
5947
5948
5952
5955
5954
5968
5967
5966
5965
5958
5956
5957
5959
5964
5961
5960
5963
5962
6015
6012
6013
6014
6025
6016
6024
6020
6017
6045
6086
6046
6085
6019
6084
6061
6052
6053
6054
6055
6056
6057
6058
6059
6060
6083
6082
6062
6077
6073
6067
6066
6063
6064
6065
6076
6074
6075
6018
6023
6022
6021
6027
6026
6040
6031
6028
6029
6030
6039
6032
6038
6034
6033
6037
6036
6072
6071
6068
6069
6070
6035
11181
11183
11182
11184
11187
11186
11185
11188
11192
11191
11189
11190
5191
5057
5056
5190
5168
5129
5098
5065
5064
5062
5061
5060
5059
5058
5063
5066
5128
5100
5099
5101
5167
5131
5130
5132
5189
5170
5169
5097
5067
5068
5096
5072
5071
5070
5073
5069
5087
5086
5081
5074
5075
5076
5077
5078
5079
5080
5085
5084
5082
5083
5095
5094
5088
5200
5198
5199
5093
5089
5092
5090
5091
5127
5102
5166
5133
5134
5165
5142
5141
5139
5138
5137
5136
5135
5140
5143
5164
5147
5146
5145
5148
5144
5155
5154
5149
5153
5152
5150
5151
10460
1679
1677
1678
1676
1674
1695
1696
1698
1697
1699
1700
1701
1675
5126
5103
5104
5125
5108
5107
5106
5109
5105
5116
5115
5110
5114
5113
5111
5112
5124
5123
5117
5211
5209
5210
5122
5118
5121
5119
5120
5194
5192
5193
5188
5171
5187
5172
5173
5186
5177
5176
5175
5178
5174
5185
5184
5179
2149
5183
5182
5180
5181
