8169
8171
8170
8210
8203
8191
8192
8193
8194
8195
8196
8197
8198
8199
8200
8201
8202
8209
8204
8208
8207
8206
8205
8214
8213
8212
8211
8184
8172
8173
8174
8175
8176
8177
8178
8179
8180
8181
8182
8183
8190
8185
8189
8188
8187
8186
8238
8215
8237
8231
8219
8220
8221
8222
8223
8224
8225
8226
8227
8228
8229
8230
8233
8232
8236
8235
8234
8218
8217
8216
8244
8239
8240
8241
8243
8242
8266
8245
8265
8260
8249
8250
8251
8252
8253
8254
8255
8256
8257
8258
8259
8262
8261
8264
8263
8248
8247
8246
8296
8295
8336
8297
8315
8304
8300
8298
8299
8303
8301
8302
8305
8306
8314
8313
8309
8307
8308
8310
8312
8311
8318
8317
8316
8340
8339
8338
8337
8332
8321
8319
8320
8322
8323
8331
8330
8326
8324
8325
8327
8329
8328
8335
8334
8333
8349
8347
8343
8341
8342
8346
8344
8345
8348
8352
8351
8350
8375
8368
8374
8373
8372
8371
8370
8369
8377
8376
8408
8407
8378
8406
8394
8382
8383
8384
8385
8386
8387
8388
8389
8390
8391
8392
8393
8396
8395
8400
8397
8398
8399
8401
8405
8404
8403
8402
8412
8411
8410
8409
8423
8413
8422
8416
8415
8414
8418
8417
8421
8420
8419
8381
8380
8379
8272
8269
8267
8268
8270
8271
8276
8275
8274
8273
8291
8277
8290
8278
8289
8288
8284
8279
8280
8281
8282
8283
5900
8287
8285
8286
8294
8293
8292
8367
8361
8357
8354
8353
8356
8355
8360
8358
8359
8362
8363
8366
8365
8364
10
14
11
12
13
9
8
5
4
1
3
2
6
7
6468
6467
6475
6469
6474
6470
6473
6471
6472
6479
6478
6477
6476
6481
6480
6496
6483
6482
6495
6494
6487
6484
6485
6486
6489
6488
6491
6490
6493
6492
6566
6565
6582
6581
6567
6580
6573
6569
6571
6572
6575
6574
6577
6576
6579
6578
6588
6587
6603
6599
6589
6590
6591
6592
6598
6597
6593
6594
6596
6595
6602
6601
6600
6607
6606
6605
6604
6547
6546
6560
6559
6551
6548
6550
6549
6552
6553
6558
6557
6526
6525
6524
6556
6555
6527
6541
6531
6528
6530
6537
6536
6540
6539
6554
6529
6535
6532
6533
6534
6538
6502
6501
6519
6506
6503
6504
6505
6514
6513
6512
6511
6507
6508
6509
6510
6518
6517
6516
6515
6523
6522
6521
6520
2729
2528
2527
2728
2634
2603
2565
2530
2529
2602
2567
2566
2633
2605
2604
2727
2636
2635
2637
2601
2575
2574
2572
2571
2570
2569
2568
2573
2576
2600
2577
2578
2599
2582
2581
2580
2583
2579
2590
2589
2584
1837
1834
1835
1836
2588
2587
2585
2586
2598
2597
2591
2726
2699
2664
2638
2698
2672
2671
2669
2668
2667
2666
2665
2670
2673
2725
2700
2724
2701
2702
2723
2706
2705
2704
2707
2703
2722
2721
2715
2714
2713
2708
2712
2711
2709
2710
2697
2674
2675
2696
2679
2678
2677
2680
2676
2687
2686
2681
2685
2684
2682
2683
2695
2694
2688
2663
2639
2640
2662
2644
2643
2642
2645
2641
2653
2652
2647
2646
1820
1817
1818
1819
2651
2650
2648
2649
2661
2660
2654
2564
2538
2537
2535
2534
2532
2531
2533
2536
2539
2563
2540
2541
2562
2545
2544
2543
2546
2542
2553
2552
2547
1847
1843
1842
1838
1839
1840
1841
1846
1844
1845
1849
1848
2551
2550
2548
2549
2632
2606
2631
2607
2608
2630
2612
2611
2610
2613
2609
2621
2620
2619
2618
2616
2614
2615
2617
2629
2628
2622
2561
2560
2554
2735
2733
2734
2738
2736
2737
2732
2730
2731
6657
6656
6655
6653
6651
6652
6654
6660
6658
6659
6663
6662
6661
6664
6665
