5477
5458
5442
5441
5476
5460
5459
5457
5443
5456
5447
5446
5445
5448
5444
5455
5454
5449
2167
5453
5452
5450
5451
1724
1763
1762
1760
1725
1726
1758
1727
1757
1756
1728
1729
1730
1752
1751
1753
1754
1755
1759
1761
5480
5478
5479
1706
1705
1702
1703
1704
5483
5481
5482
10308
10307
10341
10314
10311
10309
10310
10312
10313
10340
10339
10329
10328
10352
10349
10347
10346
10348
10350
10351
10356
10355
10359
10358
10327
10332
10330
10331
10335
10334
10338
10337
10354
10353
10357
10316
10315
10317
10321
10320
10318
10319
10326
10324
10325
10336
10333
10345
10344
10343
10342
10404
10403
10426
10408
10405
10406
10407
10422
10421
10410
10409
10411
10417
10416
10415
10412
10414
10413
10425
10424
10423
10420
10419
10418
10430
10429
10428
10427
10376
10375
10398
10380
10377
10378
10379
10394
10393
10382
10381
10383
10389
10388
10387
10384
10386
10385
10397
10396
10395
10402
10401
10400
10399
10392
10391
10390
10361
10360
10370
10364
10362
10363
10369
10368
10365
10374
10373
10372
10371
10367
10366
10432
10431
10443
10437
10435
10433
10434
10436
10442
10441
10440
10439
10438
10447
10446
10445
10444
2517
2344
2343
2516
2474
2432
2381
2346
2345
2431
2383
2382
2473
2434
2433
2515
2476
2475
2514
2488
2487
2485
2480
2478
2477
2479
2484
2482
2481
2483
2486
2489
2513
2490
2491
2512
2495
2494
2493
2496
2492
2503
2502
2497
1833
1821
1822
1823
1824
1825
1826
1827
1828
1829
1830
1831
1832
2501
2500
2498
2499
2511
2510
2504
2472
2442
2441
2439
2438
2436
2435
2437
2440
2443
2471
2444
2445
2470
2449
2448
2447
2450
2446
2461
2460
2451
1856
1854
1850
1851
1852
1853
1855
1857
1858
2459
2458
2456
2452
2455
2453
2454
2457
2469
2468
2462
2430
2388
2387
2385
2384
2386
2389
2429
2397
2396
2394
2393
2392
2391
2390
2395
2398
2428
2399
2400
2427
2408
2407
2406
2409
2405
2401
2402
2403
2404
2418
2417
2412
2411
2410
1877
1866
1867
1868
1869
1870
1871
1872
1873
1874
1875
1876
2416
2415
2413
2414
2426
2425
2419
2380
2354
2353
2351
2350
2348
2347
2349
2352
2355
2379
2356
2357
2378
2361
2360
2359
2362
2358
2369
2368
2363
1811
1812
1813
1814
1815
1816
2367
2366
2364
2365
2377
2376
2370
2523
2521
2522
2520
2518
2519
2526
2524
2525
10473
10474
10475
10476
10478
10477
10501
10500
10479
10480
10499
10482
10481
10483
10493
10484
10485
10486
10487
10488
10489
10490
10491
10492
10496
10494
10495
10498
10497
10505
10504
10503
10502
10531
10530
10609
10532
10608
10534
10533
10535
10607
10538
10537
10536
10613
10612
10611
10610
10539
10540
10644
10636
10635
10637
10638
10643
10541
10544
10542
5898
10543
10546
10545
10548
10547
10549
10552
10553
10557
10556
10589
10582
10583
10584
10585
10586
10587
10588
10606
10605
10642
10629
10628
10627
10641
10640
10630
10632
10631
10639
10598
10590
10591
10597
10596
10592
10617
10614
10615
5909
10616
10622
10620
10621
10626
10624
10625
10595
10594
10593
10581
10574
10575
10576
10577
10578
10579
10580
10604
10599
10600
10603
10602
10601
10565
10558
10559
10560
10561
10562
10563
10564
10573
10566
10567
10568
10569
10570
10571
10572
10953
10979
10978
10954
10955
10977
10976
10975
10974
10956
10957
10958
10959
10960
10961
10962
10963
10964
10965
10966
10973
10967
10972
10969
10968
10665
10666
10678
10669
10667
10668
10670
10671
10677
10676
10672
10673
10675
10674
10681
10680
10679
10664
10646
10645
10658
10657
10647
10648
10649
10650
10651
10652
10655
10654
10653
10656
10660
10659
10682
10702
10689
10683
10688
10684
10687
10686
10685
10690
10691
10701
10700
10696
10692
10695
10694
10693
10697
10699
10698
10705
10704
10703
10706
10726
10713
10707
10712
10708
10711
10710
10709
10714
10715
10725
10724
10720
10716
10719
10718
10717
10721
10723
10722
10729
10728
10727
10730
10744
10733
10731
10732
10734
10735
10743
10742
10738
10736
10737
10739
10741
10740
10747
10746
10745
10748
10762
10751
10749
10750
10752
10753
10761
10760
10756
10754
10755
10757
10759
10758
10765
10764
10763
10775
10766
10767
10768
10774
10773
10769
10770
10772
10771
10778
10777
10776
10794
10783
10779
10782
10781
10780
10784
10785
10793
10792
10788
10787
10786
10789
10791
10790
10797
10796
10795
10813
10802
10798
10801
10800
10799
10803
10804
10812
10811
10807
10806
10805
10808
10810
10809
10816
10815
10814
10826
10817
10818
10819
10825
10824
10820
10821
10823
10822
10829
10828
10827
10839
10830
10831
10832
10838
10837
10833
10834
10836
10835
10842
10841
10840
10845
10844
10843
10663
10507
10506
10525
10524
10508
10509
10523
10511
10510
10512
10515
10514
10513
10522
10521
10516
10517
10518
10519
10520
10529
10528
10527
10526
10849
10846
10847
10848
10859
10858
10855
10854
10857
10856
10853
10850
10851
10852
10907
10895
10891
10894
10893
10892
10896
10897
10906
10898
10902
10901
10900
10899
10905
10904
10903
10952
10936
10937
10951
10947
10938
10939
10940
10941
10942
10943
10944
10945
10946
10948
10950
10949
10860
10862
10861
10886
10885
10863
10864
10884
10867
10868
10878
10869
10870
10871
10872
10873
10874
10875
10876
10877
10881
10879
10880
10883
10882
10866
10865
10935
10908
10909
10934
10910
10913
10911
10912
10927
10914
10915
10916
10917
10918
10920
10919
10921
10924
10923
10922
10925
10926
10933
10928
10929
10932
10931
10930
