10448
5874
5875
5878
5877
5876
5879
5880
5881
5882
5431
5291
5290
5430
5292
1663
1653
1662
5293
1654
1655
1672
1667
1666
1665
1671
1664
10454
10462
10461
10459
10458
10455
10456
10457
1670
1668
1673
1669
5429
5301
5300
5298
5297
5295
5294
5296
5299
5302
5428
5403
5378
5353
5327
5304
5303
5352
5329
5328
5377
5355
5354
5402
5380
5379
5427
5405
5404
5326
5308
5307
5306
5309
5305
5317
5316
5315
5314
5312
5310
5311
5313
5351
5333
5332
5331
5334
5330
5342
5341
5335
2162
2166
2165
2163
2164
5340
5339
5337
5336
5338
5350
5349
5343
5376
5359
5358
5357
5360
5356
5367
5366
5365
5364
5362
5361
5363
5375
5374
5368
5437
5435
5436
5373
5369
5372
5370
5371
5426
5409
5408
5407
5410
5406
5417
5416
5415
5414
5412
5411
5413
5401
5384
5383
5382
5385
5381
5392
5391
5390
5389
5387
5386
5388
5434
5432
5433
5440
5438
5439
3432
2944
2943
3431
3403
3369
3335
3309
3275
3241
3207
3173
3131
3093
3051
3013
2977
2945
3012
2979
2978
3050
3015
3014
3092
3053
3052
3130
3095
3094
3172
3133
3132
3206
3178
3177
3174
3175
3176
3179
3240
3212
3211
3208
3209
3210
3213
3274
3246
3245
3242
3243
3244
3247
3308
3280
3279
3276
3277
3278
3281
3334
3311
3310
3368
3340
3339
3336
3337
3338
3341
3402
3374
3373
3370
3371
3372
3375
3430
3405
3404
3406
2976
2953
2952
2950
2949
2948
2947
2946
2951
2954
2975
2958
2957
2956
2959
2955
2966
2965
2960
1902
1889
1890
1891
1892
1893
1894
1895
1896
1897
1898
1899
1900
1901
2964
2963
2961
2962
2974
2973
2967
3429
3407
3428
3411
3410
3409
3412
3408
3419
3418
3413
3417
3416
3414
3415
3427
3426
3420
3205
3180
3181
3204
3182
3203
3186
3185
3184
3187
3183
3194
3193
3188
3192
3191
3189
3190
3202
3201
3195
3239
3214
3215
3238
3216
3237
3220
3219
3218
3221
3217
3228
3227
3222
3226
3225
3223
3224
3273
3248
3249
3272
3250
3271
3254
3253
3252
3255
3251
3262
3261
3256
3260
3259
3257
3258
3270
3269
3263
3307
3282
3283
3306
3284
3305
3288
3287
3286
3289
3285
3296
3295
3290
3294
3293
3291
3292
3304
3303
3297
3333
3312
3332
3316
3315
3314
3317
3313
3323
3322
3321
3320
3318
3319
3331
3330
3324
3367
3342
3343
3366
3344
3365
3348
3347
3346
3349
3345
3356
3355
3350
3354
3353
3351
3352
3364
3363
3357
3401
3376
3377
3400
3378
3399
3382
3381
3380
3383
3379
3390
3389
3384
3388
3387
3385
3386
3398
3397
3391
3011
2987
2986
2984
2983
2981
2980
2982
2985
2988
3010
2992
2991
2990
2993
2989
3001
3000
2999
2998
2996
2994
2995
2997
3009
3008
3002
3049
3027
3026
3024
3019
3017
3016
3018
3023
3021
3020
3022
3025
3028
3048
3032
3031
3030
3033
3029
3039
3038
3037
3036
3034
3035
3047
3046
3040
3171
3145
3144
3142
3137
3135
3134
3136
3141
3139
3138
3140
3143
3146
3170
3147
3148
3169
3152
3151
3150
3153
3149
3160
3159
3154
3158
3157
3155
3156
3168
3167
3161
3091
3065
3064
3062
3057
3055
3054
3056
3061
3059
3058
3060
3063
3066
3090
3067
3068
3089
3072
3071
3070
3073
3069
3080
3079
3074
3078
3077
3075
3076
3088
3087
3081
3129
3103
3102
3100
3099
3098
3097
3096
3101
3104
3128
3105
3106
3127
3110
3109
3108
3111
3107
3118
3117
3112
1907
1903
1904
1905
1906
3116
3115
3113
3114
3435
3433
3434
3444
3442
3443
3438
3436
3437
3441
3439
3440
6609
6608
11082
11080
11081
6611
6610
6612
5923
5924
5925
5926
5927
5930
5928
5929
5939
5934
5931
5932
5933
5937
5935
5936
5938
6617
6615
6616
6650
6644
6645
6646
6649
6648
6619
6618
6643
6642
6647
1750
1749
1748
1747
1734
1731
1733
1732
1738
1735
1737
1736
1746
1739
1745
1744
1743
1740
1742
1741
1712
1711
1710
1709
1707
5843
5637
5485
5484
5842
5639
5638
5841
5803
5766
5729
5692
5641
5640
5728
5694
5693
5765
5731
5730
5802
5768
5767
5840
5805
5804
5764
5739
5738
5736
5735
5733
5732
5734
5737
5740
5763
5741
5742
5762
5746
5745
5744
5747
5743
5753
5752
5751
5750
5748
5749
5761
5760
5754
5727
5702
5701
5699
5698
5696
5695
5697
5700
5703
5726
5704
5705
5725
5709
5708
5707
5710
5706
5716
5715
5714
5713
5711
5712
5724
5723
5717
5801
5776
5775
5773
5772
5771
5770
5769
5774
5777
5800
5778
5779
5799
5783
5782
5781
5784
5780
5790
5789
5788
5787
5785
5786
5798
5797
5791
5839
5813
5812
5810
5809
5808
5807
5806
5811
5814
5838
5815
5816
5837
5820
5819
5818
5821
5817
5828
5827
5822
5826
5825
5823
5824
5836
5835
5829
5636
5609
5572
5550
5512
5487
5486
5549
5514
5513
5571
5552
5551
5608
5574
5573
5635
5611
5610
5612
5607
5583
5582
5580
5579
5576
5575
5578
5577
5581
5584
5606
5588
5587
5586
5589
5585
5597
5596
5595
5594
5592
5590
5591
5593
5605
5604
5598
5548
5522
5521
5519
5518
5517
5516
5515
5520
5523
5547
5524
5525
5546
5529
5528
5527
5530
5526
5545
5544
5539
5543
5542
5540
5541
5538
5537
5531
5634
5613
5633
5617
5616
5615
5618
5614
5624
5623
5622
5621
5619
5620
5632
5631
5625
5511
5488
5510
5492
5491
5490
5493
5489
5501
5500
5499
5498
5496
5494
5495
5497
5509
5508
5502
5849
5847
5848
5507
5503
5506
5504
5505
5570
5560
5559
5557
5556
5554
5553
5555
5558
5561
5569
5568
5562
5567
5566
5565
5563
5564
5691
5662
5661
5659
5645
5643
5642
5644
5649
5647
5646
5648
5653
5651
5650
5652
5658
5655
5654
5657
5656
5660
5663
5690
5664
5665
5689
5669
5668
5667
5670
5666
5680
5679
5678
5677
5675
5673
5671
5672
5674
5676
5688
5687
5681
5852
5850
5851
5855
5853
5854
5858
5856
5857
5861
5859
5860
5864
5862
5863
5867
5865
5866
5870
5868
5869
5873
5871
5872
