1621
1622
8427
8424
8425
8426
8430
8429
8428
8482
8481
8512
8511
8483
8484
8485
8510
8490
8487
8486
8489
8488
8497
8493
8491
8492
8494
8496
8495
8516
8515
8514
8513
8456
8455
8476
8475
8457
8474
8458
8462
8467
8466
8470
8468
8469
8636
8633
8634
8635
8668
8667
8473
8472
8471
8637
8666
8665
8660
8640
8641
8642
8643
8644
8645
8646
8647
8648
8649
8650
8651
8652
8653
8654
8655
8656
8657
8658
8659
8664
8661
8662
8663
8480
8479
8478
8477
8465
8464
8463
8461
8460
8459
8432
8431
8450
8449
8433
8448
8434
8439
8438
8441
8440
8444
8442
8443
8447
8446
8445
8454
8453
8452
8451
8437
8436
8435
8527
8517
8518
8526
8519
8523
8525
8524
8522
8521
8520
8529
8528
8555
8554
8530
8553
8531
8537
8536
8535
8541
8544
8542
8543
8549
8545
8546
8548
8552
8551
8547
8550
8559
8558
8557
8556
8534
8533
8532
8540
8539
8538
8561
8560
8589
8588
8562
8587
8565
8564
8563
8568
8567
8566
8571
8570
8569
8574
8573
8572
8576
8575
8577
8579
8578
8580
8672
8669
8670
8671
8704
8703
8583
8581
8582
8586
8585
8584
8673
8702
8701
8696
8676
8677
8678
8679
8680
8681
8682
8683
8684
8685
8686
8687
8688
8689
8690
8691
8692
8693
8694
8695
8700
8697
8698
8699
8593
8592
8591
8590
8595
8594
8620
8619
8596
8618
8597
8603
8602
8601
8608
8607
8610
8609
8611
8614
8612
8613
8617
8616
8615
8624
8623
8622
8621
8606
8605
8604
8600
8599
8598
8632
8627
8625
8626
8628
8629
8631
8630
6406
6400
6448
6446
6444
6445
6447
6453
6452
6449
6451
6450
6443
6435
6434
6436
6437
6442
6441
6409
6408
6407
6440
6439
6410
6429
6414
6411
6413
6425
6424
6428
6427
6438
6412
6423
6415
6416
6417
6418
6419
6420
6421
6422
6426
6337
6334
6336
6335
6345
6344
6340
6338
6339
5899
6343
6341
6342
6348
6347
6346
6279
6276
6278
6277
6332
6331
6280
6328
6284
6281
6283
6286
6285
6287
6293
6292
6294
6298
6302
6327
6326
6282
6303
6322
6304
6305
6306
6307
6308
6309
6310
6311
6312
6313
6314
6315
6316
6317
6318
6319
6320
6321
6325
6323
6324
6333
6180
6172
6171
6173
6174
6179
6178
6089
6088
6087
6177
6176
6090
6094
6093
6092
6091
6175
6170
6106
6103
6097
6095
6096
6102
6099
6098
6101
6100
6104
6105
6144
6143
6166
6165
6169
6168
6142
6141
6110
6108
6107
6109
6111
6140
6113
6112
6126
6114
6115
6116
6117
6118
6119
6120
6121
6122
6123
6124
6125
6164
6158
6159
6163
6162
6157
6150
6149
6145
6146
6148
6151
6152
6156
6161
6147
6155
6153
6160
6167
6181
6182
6382
6349
6350
6381
6380
6379
6353
6354
6378
6355
6357
6356
6374
6360
6358
6384
6383
6389
6388
6387
6385
6386
6359
6362
6361
6371
6370
6369
6368
6363
6364
6365
6366
6367
6186
6183
6185
6184
6199
6198
6187
6197
6188
6189
6190
6191
6192
6193
6194
6195
6196
6229
6228
6200
6201
6227
6226
6212
6202
6203
6204
6205
6206
6207
6208
6209
6210
6211
6225
6213
6214
6215
6216
6217
6218
6219
6220
6221
6222
6223
6224
6275
6274
6273
6272
6234
6232
6230
6231
6233
6270
6269
6271
6236
6235
6239
6237
6238
6247
6246
6241
6240
6244
6242
6243
6249
6248
6268
6267
6250
6253
6251
6252
6259
6256
6254
6255
6257
6258
6265
6264
6263
6262
6261
6260
6330
6329
6466
6454
6455
6456
6465
6457
6461
6460
6459
6458
11106
11104
11105
6859
6846
6847
6848
6849
6850
6851
6852
6853
6854
6855
6856
6857
6858
6870
6860
6869
6861
6865
6862
6863
6871
6893
6887
6885
6886
6888
6889
6892
6884
6883
6864
6891
6890
6882
6872
6873
5913
5914
5917
6874
6877
6878
6868
6867
6866
6905
6894
6904
6895
6903
6900
6902
6901
6899
6898
6897
6896
6907
6906
6909
6908
6935
6934
6933
6923
6910
6911
6912
6913
6914
6915
6916
6917
6918
6919
6920
6921
6922
6929
6924
6928
6925
6927
6926
6932
6931
6930
6941
6940
6943
6942
6969
6968
6967
6957
6944
6945
6946
6947
6948
6949
6950
6951
6952
6953
6954
6955
6956
6963
6958
6962
6959
6961
6960
6966
6965
6964
6975
6974
6977
6976
7003
7002
7001
6991
6978
6979
6980
6981
6982
6983
6984
6985
6986
6987
6988
6989
6990
6997
6992
6996
6993
6995
6994
7000
6999
6998
7009
7008
7011
7010
7037
7036
7035
7025
7012
7013
7014
7015
7016
7017
7018
7019
7020
7021
7022
7023
7024
7031
7026
7030
7027
7029
7028
7034
7033
7032
7044
7042
7043
7046
7045
7058
7057
7050
7047
7048
7049
7055
7054
7056
7053
7052
7051
7061
7059
7060
7063
7062
7088
7087
7077
7064
7065
7066
7067
7068
7069
7070
7071
7072
7073
7074
7075
7076
7083
7078
7082
7079
7081
7080
7091
7089
7090
7093
7092
7095
7094
7121
7120
7119
7109
7096
7097
7098
7099
7100
7101
7102
7103
7104
7105
7106
7107
7108
7115
7110
7114
7111
7113
7112
7118
7117
7116
7157
7150
7155
7154
7153
7151
7152
7156
7175
7174
7173
7172
7158
7159
7160
7161
7162
7163
7164
7165
7166
7167
7168
7169
7170
7171
7179
7178
7177
7176
7187
7180
7185
7184
7183
7181
7182
7186
7205
7204
7203
7202
7188
7189
7190
7191
7192
7193
7194
7195
7196
7197
7198
7199
7200
7201
7209
7208
7207
7206
7219
7212
7210
7211
7217
7216
7215
7213
7214
7218
7237
7236
7235
7234
7220
7221
7222
7223
7224
7225
7226
7227
7228
7229
7230
7231
7232
7233
7241
7240
7239
7238
7251
7244
7242
7243
7249
7248
7247
7245
7246
7250
7269
7268
7267
7266
7252
7253
7254
7255
7256
7257
7258
7259
7260
7261
7262
7263
7264
7265
7273
7272
7271
7270
7283
7276
7274
7275
7281
7280
7279
7277
7278
7282
7301
7300
7299
7298
7284
7285
7286
7287
7288
7289
7290
7291
7292
7293
7294
7295
7296
7297
7305
7304
7303
7302
7313
7306
7311
7310
7309
7307
7308
7312
7331
7330
7329
7328
7314
7315
7316
7317
7318
7319
7320
7321
7322
7323
7324
7325
7326
7327
7335
7334
7333
7332
7129
7128
7127
7126
7133
7132
7131
7130
7137
7136
7135
7134
7141
7140
7139
7138
7145
7144
7143
7142
7149
7148
7147
7146
7338
7336
7337
7340
7339
7350
7349
7346
7345
7348
7347
7378
7352
7351
7377
7376
7366
7353
7354
7355
7356
7357
7358
7359
7360
7361
7362
7363
7364
7365
7372
7367
7371
7368
7370
7369
7375
7374
7373
7406
7380
7379
7405
7404
7394
7381
7382
7383
7384
7385
7386
7387
7388
7389
7390
7391
7392
7393
7400
7395
7399
7396
7398
7397
7403
7402
7401
7434
7408
7407
7433
7432
7422
7409
7410
7411
7412
7413
7414
7415
7416
7417
7418
7419
7420
7421
7428
7423
7427
7424
7426
7425
7431
7430
7429
7462
7436
7435
7461
7460
7450
7437
7438
7439
7440
7441
7442
7443
7444
7445
7446
7447
7448
7449
7456
7451
7455
7452
7454
7453
7459
7458
7457
7467
7463
7464
7465
7466
7472
7469
7468
7471
7470
7474
7473
7493
7492
7479
7475
7476
7477
7478
7486
7480
7481
7485
7482
7484
7483
7491
7487
7490
7488
7489
