2770
2756
2740
2739
2769
2758
2757
1765
1764
1787
1774
1775
1788
2755
2741
2754
2745
2744
2743
2746
2742
2753
2752
2747
11125
11129
11139
11158
11144
11140
11143
11141
11142
11149
11147
11146
11145
11148
11152
11150
11151
11157
1880
1878
1879
2751
2750
2748
2749
11124
11123
11121
11116
11120
11119
2768
2759
2760
2767
2766
2761
2765
2764
2762
2763
11108
11107
11115
11110
11109
11112
11111
11114
11113
11118
11117
11122
11128
11127
11126
11135
11130
11131
11133
11132
11134
11136
11138
11137
11153
11156
11154
11155
2330
2250
2169
2168
2329
2252
2251
2249
2207
2171
2170
2172
2248
2209
2208
2206
2180
2179
2177
2176
2174
2173
2175
2178
2181
2205
2182
2183
2204
2187
2186
2185
2188
2184
2195
2194
2189
1865
1862
1863
1864
2193
2192
2190
2191
2203
2202
2196
2247
2221
2220
2218
2213
2211
2210
2212
2217
2215
2214
2216
2219
2222
2246
2223
2224
2245
2228
2227
2226
2229
2225
2236
2235
2230
1861
1859
1860
2234
2233
2231
2232
2244
2243
2237
2328
2289
2254
2253
2327
2291
2290
2292
2288
2262
2261
2259
2258
2256
2255
2257
2260
2263
2287
2264
2265
2286
2269
2268
2267
2270
2266
2277
2276
2271
2275
2274
2272
2273
2285
2284
2278
2326
2300
2299
2297
2296
2294
2293
2295
2298
2301
2325
2302
2303
2324
2307
2306
2305
2308
2304
2315
2314
2309
2313
2312
2310
2311
2323
2322
2316
2336
2334
2335
2339
2337
2338
2333
2331
2332
2342
2340
2341
10463
6693
6692
6697
6696
6695
6694
6709
6708
6707
6706
6698
6700
6699
6705
2939
2772
2771
2938
2891
2851
2810
2774
2773
2850
2812
2811
2890
2853
2852
2937
2893
2892
2809
2786
2785
2783
2778
2776
2775
2777
2782
2780
2779
2781
2784
2787
2808
2791
2790
2789
2792
2788
2799
2798
2793
1883
1882
1887
1884
1886
1885
1888
2797
2796
2794
2795
2807
2806
2800
2849
2824
2823
2821
2816
2814
2813
2815
2820
2818
2817
2819
2822
2825
2848
2829
2828
2827
2830
2826
2831
2832
2839
2838
2833
1881
2837
2836
2834
2835
2847
2846
2840
2889
2865
2864
2862
2857
2855
2854
2856
2861
2859
2858
2860
2863
2866
2888
2870
2869
2868
2871
2867
2879
2878
2877
2876
2874
2872
2873
2875
2887
2886
2880
2936
2910
2909
2907
2898
2895
2894
2897
2896
2902
2900
2899
2901
2906
2904
2903
2905
2908
2911
2935
2917
2916
2915
2918
2914
2912
2913
2934
2933
2927
2926
2925
2924
2923
2921
2919
2920
2922
2942
2940
2941
11161
11159
11177
11160
11180
11179
11178
11162
11163
11166
11168
11167
11170
11169
11171
11172
11176
11175
